1 736
1001 497504
2001 1015776
3001 1522400
4001 2076128
5001 2662624
6001 3068896
7001 3598048
8001 4143584
9001 4705504
10001 5283808
11001 5886688
12001 6522336
13001 6240480
14001 7678944
15001 8404704
16001 7680480
17001 9667808
18001 8640480
19001 11012832
20001 9600480
21001 10080480
22001 12927968
23001 11040480
24001 14485984
25001 12000480
26001 12480480
27001 16671456
28001 13440480
29001 13920480
30001 19045344
31001 14880480
32001 15360480
33001 15840480
34001 22128608
35001 16800480
36001 17280480
37001 17760480
38001 25506784
39001 18720480
40001 19200480
41001 19680480
42001 20160480
43001 29725408
44001 21120480
45001 21600480
46001 22080480
47001 22560480
48001 34402784
49001 23520480
50001 24000480
51001 24480480
52001 24960480
53001 39645408
54001 25920480
55001 26400480
56001 26880480
57001 27360480
58001 27840480
59001 28320480
60001 46560736
61001 29280480
62001 29760480
63001 30240480
64001 30720480
65001 31200480
66001 31680480
67001 54368992
68001 32640480
69001 33120480
70001 33600480
71001 34080480
72001 34560480
73001 35040480
74001 35520480
75001 63763168
76001 36480480
77001 36960480
78001 37440480
79001 37920480
80001 38400480
81001 38880480
82001 39360480
83001 74549984
84001 40320480
85001 40800480
86001 41280480
87001 41760480
88001 42240480
89001 42720480
90001 43200480
91001 43680480
92001 44160480
93001 88033504
94001 45120480
95001 45600480
96001 46080480
97001 46560480
98001 47040480
99001 47520480
