1 312
1001 193088
2001 384416
3001 578272
4001 770048
5001 962944
6001 1158176
7001 1348896
8001 1540448
9001 1733088
10001 1926656
11001 2121408
12001 2317504
13001 2501568
14001 2699168
15001 2883232
16001 3082496
17001 3266688
18001 3467872
19001 3651936
20001 3855264
21001 4039328
22001 4245056
23001 4429120
24001 4613184
25001 4821760
26001 5005824
27001 5189888
28001 5401376
29001 5586208
30001 5769504
31001 5984416
32001 6168480
33001 6352672
34001 6536736
35001 6755488
36001 6939552
37001 7123616
38001 7307680
39001 7530784
40001 7714848
41001 7899104
42001 8083168
43001 8267232
44001 8495200
45001 8679264
46001 8863328
47001 9047392
48001 9231456
49001 9415520
50001 9648992
51001 9833056
52001 10017120
53001 10201376
54001 10386208
55001 10569504
56001 10809152
57001 10993216
58001 11177280
59001 11361344
60001 11545408
61001 11729472
62001 11913536
63001 12160128
64001 12344192
65001 12528448
66001 12712512
67001 12896576
68001 13080640
69001 13264704
70001 13448768
71001 13703168
72001 13887232
73001 14071296
74001 14255360
75001 14439424
76001 14623488
77001 14807808
78001 14991872
79001 15176704
80001 15439136
81001 15623200
82001 15807264
83001 15991328
84001 16175392
85001 16359456
86001 16543520
87001 16727584
88001 16911648
89001 17184736
90001 17368800
91001 17552864
92001 17736928
93001 17921248
94001 18105312
95001 18289376
96001 18473440
97001 18657504
98001 18841568
99001 19025632