1 0.359913
2 0.665650
3 1.482250
4 1.874240
5 2.225975
6 2.546919
7 2.880565
8 3.183202
9 3.524630
10 3.811429
11 4.141071
12 4.475575
13 4.775877
14 5.103842
15 5.375145
16 5.662439
17 5.946144
18 6.245382
19 6.545119
20 6.834974
21 7.161443
22 7.457079
23 7.731526
24 8.040807
25 8.319519
26 8.598803
27 8.867917
28 9.194557
29 9.458559
30 9.827705
31 10.053808
32 10.343073
33 10.676456
34 10.948797
35 11.279650
36 11.302265
37 11.295520
38 11.972014
39 12.512555
40 13.089002
41 13.854008
42 14.517864
43 14.728916
44 15.081051
45 14.995633
46 15.265617
47 14.782480
48 15.902596
49 16.254863
50 16.827472
51 16.752115
52 17.429821
53 17.399923
54 17.889838
55 17.679820
56 17.870612
57 18.293701
58 18.519333
59 19.130742
60 20.304915
61 19.773413
62 19.164412
63 19.598108
64 19.630219
65 20.518337
66 21.717645
67 21.243575
68 21.971304
69 21.351341
70 21.932508
71 21.606800
72 22.662854
73 23.078643
74 22.909341
75 23.799866
76 23.695244
77 24.511721
78 25.035346
79 25.017154
80 25.095889
81 26.209819
82 25.420811
83 25.298996
84 26.110515
85 26.231214
86 26.806115
87 28.224708
88 27.245892
89 27.351132
90 28.569439
91 28.637055
92 29.257253
93 29.564758
94 29.673139
95 29.687755
96 29.813476
97 30.292123
98 30.169579
99 30.445136
100 30.441676
