1 0.15762041695415974
2 0.2035586670972407
3 0.24388595903292298
4 0.2809611251577735
5 0.3227458328474313
6 0.3667499169241637
7 0.4096419159322977
8 0.4636088751722127
9 0.5020754158031195
10 0.522870457964018
11 0.562913249945268
12 0.6027309170458466
13 0.6397384169977158
14 0.6811076251324266
15 0.8260219590738416
16 0.8665167919825763
17 0.9106500002089888
18 0.954160416033119
19 0.9907725418452173
20 1.0334509580861777
21 1.0921821668744087
22 1.1067289169877768
23 1.1487662501167506
24 1.1960018340032548
25 1.2389363751281053
26 1.2844530418515205
27 1.311106791952625
28 1.3510700000915676
29 1.4018770831171423
30 1.4213089998811483
31 1.461667082970962
32 1.5626845830120146
33 1.6438015829771757
34 1.6718339580111206
35 1.7148046251386404
36 1.7521705839317292
37 1.7941724159754813
38 1.830345207825303
39 1.87584716710262
40 1.9197885829489678
41 1.9619350410066545
42 1.9949519170913845
43 2.0572765828110278
44 2.072242374997586
45 2.1236005420796573
46 2.193777250126004
47 2.3020477918908
48 2.2685597920790315
49 2.3861912090796977
50 2.4232150421012193
51 2.4455291249323636
52 2.5077084999065846
53 2.5802362088579684
54 2.5993015421554446
55 2.630749834002927
56 2.639652041019872
57 2.7265060420613736
58 2.7263701669871807
59 2.7985750411171466
60 2.8235184168443084
61 2.882982041919604
62 2.896787165896967
63 2.931348582962528
64 2.9487900838721544
65 3.0087737918365747
66 3.083515082951635
67 3.158430082956329
68 3.3063839168753475
69 3.275912458077073
70 3.3093929172027856
71 3.3820575000718236
72 3.503723874920979
73 3.479892832925543
74 3.4688697080127895
75 3.4919311250559986
76 3.533090709010139
77 3.567734290845692
78 3.5884432080201805
79 3.7014857919421047
80 3.679397583939135
81 3.7182001671753824
82 3.7638613749295473
83 3.8509687080513686
84 3.9190249159000814
85 3.954244290944189
86 3.992025542072952
87 4.022735667182133
88 4.084875250002369
89 4.105769292218611
90 4.154671084135771
91 4.189607749925926
92 4.216275250073522
93 4.263564750086516
94 4.310838917037472
95 4.327854875009507
96 4.375320916995406
97 4.397707749856636
98 4.500982332974672
99 4.55121991597116
100 4.679333874955773
