1001 508789.193541 1965.450549
2001 953935.999047 1048.288356
3001 1219898.367548 819.740420
4001 997341.254232 1002.665834
5001 1584810.160278 630.990402
6001 1274424.523317 784.667889
7001 1968715.947836 507.945294
8001 1928261.258313 518.601925
9001 2695313.669711 371.014332
10001 2063728.582445 484.559844
11001 2992417.359666 334.177984
12001 3344566.424243 298.992417
13001 2647659.292824 377.692101
14001 3538249.025408 282.625670
15001 2857447.086941 349.962736
16001 4062885.473909 246.130492
17001 2907893.611562 343.891536
18001 4135626.303511 241.801344
19001 4569515.385109 218.841587
20001 3626325.809083 275.761212
21001 4225942.752873 236.633589
22001 3523801.073173 283.784464
23001 4950532.342036 201.998478
24001 3510329.445318 284.873547
25001 4383961.445127 228.104196
26001 3186836.420462 313.790816
27001 4747637.258781 210.631088
28001 3841915.752266 260.286811
29001 4635493.356129 215.726768
30001 3738966.521787 267.453585
31001 4151595.299474 240.871262
32001 3900321.620221 256.389113
33001 4224713.646705 236.702433
34001 4145094.017111 241.249051
35001 3569497.091606 280.151510
36001 4775116.814682 209.418961
37001 3841549.302721 260.311640
38001 4112699.280740 243.149312
39001 4519977.382150 221.240045
40001 4087835.162168 244.628259
41001 4073435.697269 245.493012
42001 4673203.432497 213.985977
43001 4291820.648786 233.001349
44001 4152392.355921 240.825027
45001 4838904.096450 206.658363
46001 4325943.340778 231.163453
47001 4256437.090202 234.938278
48001 4248346.055980 235.385721
49001 4374128.930086 228.616947
50001 4180336.092300 239.215216
51001 4419784.648049 226.255368
52001 4348409.620671 229.969135
53001 4329542.903654 230.971265
54001 4706636.015994 212.465973
55001 4091524.702020 244.407665
56001 4829094.915287 207.078141
57001 4396105.273306 227.474079
58001 4372662.644791 228.693609
59001 4633692.768287 215.810596
60001 4141022.660955 241.486242
61001 4421884.344249 226.147932
62001 4441478.412507 225.150256
63001 4542658.855340 220.135395
64001 4510752.408528 221.692505
65001 4364204.006613 229.136859
66001 4647684.776824 215.160892
67001 4495341.084617 222.452531
68001 4418112.017764 226.341024
69001 4121113.100100 242.652889
70001 3877885.361707 257.872502
71001 4099858.204648 243.910874
72001 4399145.551163 227.316871
73001 4585358.034298 218.085478
74001 4218875.014552 237.030013
75001 4677513.155330 213.788816
76001 4645632.740913 215.255931
77001 4672142.710869 214.034558
78001 4263495.279032 234.549339
79001 4742419.353628 210.862837
80001 4657415.021431 214.711379
81001 4720911.052315 211.823521
82001 4603564.912281 217.222961
83001 4388394.686405 227.873761
84001 4713607.427839 212.151736
85001 4429384.713592 225.764991
86001 4751315.974915 210.468006
87001 4883021.821637 204.791221
88001 4382028.906124 228.204793
89001 4672694.304590 214.009292
90001 4399682.248701 227.289141
91001 4787531.427036 208.875913
92001 4440979.659810 225.175542
93001 4903607.450303 203.931495
94001 4441752.749912 225.136350
95001 4774139.352344 209.461837
96001 4534132.642213 220.549348
97001 4670854.759054 214.093576
98001 3576314.413509 279.617473
99001 4770145.857059 209.637196
