1001 285840.0944428802 3498.4595213945095
2001 268710.8224847233 3721.4727369488505
3001 297862.31200333737 3357.2558853595265
4001 293909.3219948542 3402.4099447159015
5001 274190.15623019246 3647.1039432957036
6001 287950.66965307185 3472.8170669122533
7001 290813.68258780957 3438.6277533487632
8001 276560.1336450842 3615.850147379963
9001 273241.9595806737 3659.7600219769815
10001 283527.9693104672 3526.988897892418
11001 269173.8336406238 3715.0713591838507
12001 178004.5501594246 5617.833921123809
13001 264696.7467897878 3777.908161425809
14001 263428.6073522758 3796.0949270127203
15001 278143.33228585223 3595.268640027238
16001 260177.27466880894 3843.5332266161367
17001 265224.13940543553 3770.395870608699
18001 267472.1722671528 3738.7066905831016
19001 264140.17032063485 3785.868687773308
20001 256911.92426521587 3892.384531625235
21001 259043.74268158473 3860.3518836167955
22001 261425.45426845702 3825.182221824134
23001 257558.091704777 3882.6192311839245
24001 255633.69232689298 3911.8474208057223
25001 255202.62846581367 3918.454939165948
26001 239251.44852898887 4179.703011824545
27001 251410.6406064577 3977.5563897684697
28001 253730.68890504786 3941.186634992443
29001 254951.41846322504 3922.315890720345
30001 239207.53320742832 4180.4703497061355
31001 251505.09399363666 3976.0626082002977
32001 235802.04560730627 4240.845313383555
33001 252900.60516446558 3954.122606190218
34001 248701.51835378818 4020.8841772226683
35001 236714.49765141623 4224.498329935801
36001 235807.6525340747 4240.744476498691
37001 244464.93184561227 4090.5662519789685
38001 226106.98431177004 4422.685141919983
39001 248525.67829283763 4023.7290845322664
40001 229867.79657448106 4350.326643845402
41001 235777.83947758822 4241.280699728588
42001 245683.45912853544 4070.278086880994
43001 224773.2228344544 4448.928512879404
44001 229658.6028946147 4354.289312031033
45001 237725.5453736046 4206.531521164125
46001 215997.60108987283 4629.681047170137
47001 232425.84711537967 4302.447479103239
48001 231404.97840116415 4321.428203097678
49001 234796.02085271693 4259.015959334681
50001 230436.7883297242 4339.584869448597
51001 226685.84585606752 4411.391440094334
52001 228606.38905908715 4374.330936750562
53001 221565.24204704753 4513.34329681394
54001 232733.25446253875 4296.764561254233
55001 221180.16173355462 4521.201142825156
56001 221889.2111922713 4506.753593952257
57001 227280.11277929478 4399.857021239123
58001 225656.36147525263 4431.516990978641
59001 223403.83772737102 4476.198843192396
60001 212853.78993599405 4698.060580930713
61001 221005.6707748687 4524.770773952979
62001 216500.2856633051 4618.93154984179
63001 219387.95818950603 4558.135315413282
64001 224599.4887203679 4452.369886046471
65001 222422.90687136617 4495.939802541696
66001 205640.67511348458 4862.85118179145
67001 225252.9118521762 4439.454263997514
68001 218071.26828173207 4585.656826226523
69001 225233.5439611494 4439.836013824344
70001 218015.47704301355 4586.8303184856195
71001 221823.91067493442 4508.080291963754
72001 213773.37002565913 4677.851127481269
73001 217415.6483628493 4599.484938319988
74001 234001.42261195264 4273.478292729493
75001 217196.52256341252 4604.125278792347
76001 226377.74939464053 4417.395272610104
77001 207580.17253582593 4817.415785832877
78001 233543.44488071912 4281.8585660186
79001 211830.04455607707 4720.76565954398
80001 221866.08540470334 4507.223346803598
81001 212374.97138926026 4708.652782662927
82001 220933.732134424 4526.244092919066
83001 217196.3107002696 4604.129769865188
84001 212455.3409893776 4706.871549301263
85001 229221.56260813423 4362.591322656456
86001 209942.34258158028 4763.212545422635
87001 213516.7863994813 4683.472512222249
88001 222489.23440863544 4494.599492231374
89001 210711.5843655513 4745.823553132978
90001 201100.73495732652 4972.632249266516
91001 201815.59965055194 4955.018352057628
92001 202469.2542923593 4939.021499807724
93001 217892.9162187033 4589.41032757706
94001 198111.06272765386 5047.6736949047345
95001 214863.69947959128 4654.113293320561
96001 210137.57321262767 4758.787230250109
97001 201778.82513723554 4955.921412070228
98001 209086.7348421163 4782.704176594995
99001 209505.0676675671 4773.154230267849
